#include "inputs.h" 
  
int cnt_inputs[] = {6415, 7317, 19864, 5216, 10866, 1948, -8723, -4329, 7539, -2508, 1035, 26796, -13688, -24246, -15823, -24375, 31534, 11122, 22094, 22318, 2768, -17242, -7739, 3792, -12902, 19212, -27429, -19742, -8252, 12606, 11046, -11275, -9602, 25896, 27582, 597, -32606, 8445, -14578, 15459, -6480, 26934, -17037, 4747, -22481, 21666, -29591, 3571, -31491, -3362, -6132, 17715, -23913, 1077, -27875, -3383, -9642, -4287, 5455, 23834, 11083, -28144, -18051, -8695, 26502, -18765, -28658, -10728, -22175, -32493, 18326, -23873, 3708, 31309, 27960, -5286, -23487, -24569, -10345, -580, 15548, 20885, -8039, -32364, 22055, -1850, 20734, 26782, -27793, 23958, 3156, 1222, -22224, -10739, -6208, 21802, -16892, -6838, -31307, 21872}; 
  
  
  
 
int k; 
int cnt_block; 
  
 
void blockInputUpdate(int blockInputUpdate_i)  
{ 
	cnt_block = cnt_inputs[blockInputUpdate_i];  
	 
}  
  
void benchmarkBlock(void)  
{  
int k = cnt_block;  
  k /= 2;  
}  
  
